te: 9.09/(24.44+9.09) = 0.26324

tr.r1: 0.25542
va.r1: 0.26148

2014-09-15-0
============

