R1
=========================================
baseline (l = 0.00001, k = 4, d = 5)    0.44489

[lambda] (with k = 8)
lambda = 0.000009   0.44479
lambda = 0.000011   0.44480
lambda = 0.000012   0.44480

[k]
k = 8   0.44480
k = 12  0.44484
k = 16  0.44483

[d]
d = 4   0.44503
d = 6   0.44472
d = 7   0.44468
d = 8   0.44467
d = 9   0.44471
