<baseline> t=30, d=7, ct=4m, k=4: 0.44422
===============
t=40, k=8: 0.44411
d=6: 0.44438
d=8: 0.44420
ct=3m: 0.44431
ct=5m: 0.44430
ct=6m: 0.44438
